53,035,889,pw53035889
53,042,193,pw53042193
53,052,056,pw53052056
53,057,225,pw53057225
53,057,743,pw53057743
53,057,901,pw53057901
53,057,956,pw53057956
53,058,793,pw53058793
53,059,594,pw53059594
53,061,714,pw53061714
53,062,793,pw53062793
53,063,186,pw53063186
53,064,629,pw53064629
53,066,488,pw53066488
53,066,663,pw53066663
53,067,063,pw53067063
53,068,137,pw53068137
53,085,355,pw53085355
53,089,728,pw53089728
53,093,573,pw53093573
53,097,450,pw53097450
53,113,605,pw53113605
53,113,792,pw53113792
53,224,379,pw53224379
53,236,824,pw53236824
53,252,020,pw53252020
53,256,161,pw53256161
53,262,857,pw53262857
53,268,106,pw53268106
53,270,877,pw53270877
53,272,281,pw53272281
53,278,726,pw53278726
53,280,525,pw53280525
53,288,325,pw53288325
53,304,595,pw53304595
53,305,448,pw53305448
53,308,840,pw53308840
53,311,267,pw53311267
53,322,796,pw53322796
53,324,335,pw53324335
53,326,024,pw53326024
53,326,673,pw53326673
53,342,202,pw53342202
53,342,823,pw53342823
53,360,956,pw53360956
53,364,875,pw53364875
53,378,654,pw53378654
53,392,990,pw53392990
53,397,552,pw53397552
53,399,493,pw53399493
53,405,540,pw53405540
53,410,733,pw53410733
53,466,958,pw53466958
53,471,847,pw53471847
53,482,090,pw53482090
53,484,009,pw53484009
53,492,272,pw53492272
53,496,202,pw53496202
53,499,897,pw53499897
53,501,907,pw53501907
53,513,918,pw53513918
53,518,409,pw53518409
53,532,677,pw53532677
53,534,870,pw53534870
53,542,496,pw53542496
53,542,523,pw53542523
53,544,853,pw53544853
53,550,410,pw53550410
54,003,024,pw54003024
54,004,662,pw54004662
54,023,432,pw54023432
54,026,357,pw54026357
54,041,711,pw54041711
54,050,500,pw54050500
54,050,903,pw54050903
54,052,786,pw54052786
54,054,568,pw54054568
54,055,757,pw54055757
54,056,124,pw54056124
54,063,170,pw54063170
54,065,043,pw54065043
54,067,862,pw54067862
54,074,154,pw54074154
54,086,180,pw54086180
54,087,587,pw54087587
54,096,031,pw54096031
54,100,148,pw54100148
54,103,193,pw54103193
54,118,651,pw54118651
54,119,685,pw54119685
54,119,815,pw54119815
54,142,002,pw54142002
54,144,959,pw54144959
54,146,244,pw54146244
54,146,258,pw54146258
54,146,319,pw54146319
54,148,157,pw54148157
54,158,389,pw54158389
54,168,867,pw54168867
54,174,517,pw54174517
54,178,579,pw54178579
54,209,296,pw54209296
54,211,617,pw54211617
54,213,576,pw54213576
54,224,264,pw54224264
54,232,181,pw54232181
54,232,296,pw54232296
54,241,221,pw54241221
54,244,202,pw54244202
54,253,752,pw54253752
54,254,051,pw54254051
54,261,691,pw54261691
54,265,033,pw54265033
54,274,312,pw54274312
54,311,069,pw54311069
54,316,040,pw54316040
54,316,482,pw54316482
54,322,085,pw54322085
54,325,304,pw54325304
54,329,882,pw54329882
54,345,259,pw54345259
54,347,723,pw54347723
54,358,024,pw54358024
54,358,067,pw54358067
54,366,587,pw54366587
54,373,992,pw54373992
54,374,605,pw54374605
54,387,739,pw54387739
54,397,159,pw54397159
54,397,376,pw54397376
54,398,463,pw54398463
54,400,736,pw54400736
54,409,122,pw54409122
54,409,455,pw54409455
54,417,726,pw54417726
54,418,857,pw54418857
54,437,171,pw54437171
54,438,897,pw54438897
54,454,917,pw54454917
54,458,492,pw54458492
54,462,243,pw54462243
54,466,536,pw54466536
54,468,105,pw54468105
54,470,818,pw54470818
54,472,128,pw54472128
54,472,744,pw54472744
54,474,352,pw54474352
54,491,782,pw54491782
54,495,096,pw54495096
54,496,995,pw54496995
54,509,313,pw54509313
54,514,586,pw54514586
54,516,759,pw54516759
54,519,101,pw54519101
54,537,191,pw54537191
54,565,246,pw54565246
54,572,325,pw54572325
54,572,877,pw54572877
54,577,477,pw54577477
54,588,321,pw54588321
54,592,800,pw54592800
54,593,331,pw54593331
54,601,866,pw54601866
54,607,582,pw54607582
54,608,715,pw54608715
54,609,657,pw54609657
54,615,469,pw54615469
54,618,100,pw54618100
54,618,331,pw54618331
54,620,152,pw54620152
54,620,213,pw54620213
54,631,602,pw54631602
54,632,291,pw54632291
54,632,546,pw54632546
54,638,666,pw54638666
54,646,655,pw54646655
54,647,643,pw54647643
54,649,375,pw54649375
54,651,329,pw54651329
54,651,430,pw54651430
54,656,474,pw54656474
54,659,923,pw54659923
54,663,836,pw54663836
54,669,001,pw54669001
54,673,682,pw54673682
54,681,836,pw54681836
54,682,567,pw54682567
54,683,196,pw54683196
54,684,380,pw54684380
54,692,090,pw54692090
54,694,954,pw54694954
54,695,691,pw54695691
54,696,036,pw54696036
54,699,596,pw54699596
54,704,546,pw54704546
54,706,042,pw54706042
54,729,100,pw54729100
54,736,686,pw54736686
54,740,273,pw54740273
54,741,427,pw54741427
54,743,317,pw54743317
54,744,611,pw54744611
54,748,669,pw54748669
54,767,023,pw54767023
54,774,025,pw54774025
54,776,227,pw54776227
54,777,869,pw54777869
54,785,709,pw54785709
54,792,362,pw54792362
54,799,599,pw54799599
54,801,859,pw54801859
54,802,563,pw54802563
54,802,694,pw54802694
54,802,948,pw54802948
54,803,036,pw54803036
54,803,390,pw54803390
54,803,602,pw54803602
54,804,280,pw54804280
54,805,950,pw54805950
54,806,445,pw54806445
54,815,824,pw54815824
54,825,102,pw54825102
54,827,212,pw54827212
54,838,884,pw54838884
54,847,535,pw54847535
54,873,625,pw54873625
54,877,762,pw54877762
54,885,387,pw54885387
54,886,930,pw54886930
54,888,836,pw54888836
54,889,762,pw54889762
54,891,851,pw54891851
54,891,981,pw54891981
54,897,354,pw54897354
54,899,789,pw54899789
54,900,453,pw54900453
54,906,268,pw54906268
54,916,302,pw54916302
54,922,637,pw54922637
54,926,860,pw54926860
54,927,446,pw54927446
54,928,586,pw54928586
54,933,102,pw54933102
54,935,495,pw54935495
54,937,914,pw54937914
54,938,718,pw54938718
54,939,149,pw54939149
54,940,056,pw54940056
54,940,726,pw54940726
54,947,259,pw54947259
54,950,103,pw54950103
54,953,790,pw54953790
54,969,620,pw54969620
54,971,470,pw54971470
54,972,517,pw54972517
54,980,633,pw54980633
54,985,685,pw54985685
54,986,042,pw54986042
54,987,674,pw54987674
54,990,278,pw54990278
54,994,578,pw54994578
54,995,125,pw54995125
54,997,249,pw54997249
55,001,852,pw55001852
55,010,502,pw55010502
55,010,978,pw55010978
55,015,371,pw55015371
55,018,536,pw55018536
55,020,376,pw55020376
55,020,661,pw55020661
55,022,007,pw55022007
55,023,981,pw55023981
55,025,114,pw55025114
55,025,574,pw55025574
55,026,078,pw55026078
55,028,036,pw55028036
55,029,690,pw55029690
55,040,594,pw55040594
55,046,622,pw55046622
55,058,447,pw55058447
55,062,338,pw55062338
55,064,570,pw55064570
55,064,778,pw55064778
55,066,417,pw55066417
55,071,310,pw55071310
55,075,046,pw55075046
55,075,354,pw55075354
55,075,824,pw55075824
55,076,333,pw55076333
55,076,536,pw55076536
55,076,672,pw55076672
55,077,947,pw55077947
55,079,482,pw55079482
55,085,105,pw55085105
55,088,667,pw55088667
55,089,693,pw55089693
55,090,744,pw55090744
55,114,013,pw55114013
55,120,191,pw55120191
55,122,375,pw55122375
55,129,036,pw55129036
55,129,038,pw55129038
55,141,394,pw55141394
55,152,954,pw55152954
55,158,210,pw55158210
55,159,722,pw55159722
55,162,915,pw55162915
55,165,260,pw55165260
55,165,295,pw55165295
55,166,674,pw55166674
55,169,280,pw55169280
55,171,795,pw55171795
55,172,309,pw55172309
55,178,558,pw55178558
55,180,868,pw55180868
55,188,309,pw55188309
55,194,042,pw55194042
55,194,438,pw55194438
55,194,827,pw55194827
55,195,200,pw55195200
55,196,829,pw55196829
55,198,998,pw55198998
55,201,666,pw55201666
55,202,289,pw55202289
55,203,053,pw55203053
55,203,694,pw55203694
55,206,154,pw55206154
55,206,832,pw55206832
55,207,052,pw55207052
55,207,197,pw55207197
55,208,241,pw55208241
55,210,413,pw55210413
55,212,856,pw55212856
55,213,241,pw55213241
55,214,121,pw55214121
55,215,647,pw55215647
55,219,670,pw55219670
55,219,993,pw55219993
55,220,970,pw55220970
55,222,194,pw55222194
55,225,312,pw55225312
55,226,358,pw55226358
55,226,691,pw55226691
55,235,232,pw55235232
55,235,979,pw55235979
55,237,603,pw55237603
55,238,696,pw55238696
55,241,241,pw55241241
55,242,152,pw55242152
55,244,255,pw55244255
55,244,350,pw55244350
55,245,321,pw55245321
55,246,429,pw55246429
55,247,313,pw55247313
55,247,555,pw55247555
55,247,646,pw55247646
55,256,545,pw55256545
55,258,091,pw55258091
55,262,820,pw55262820
55,270,920,pw55270920
55,271,986,pw55271986
55,284,229,pw55284229
55,286,744,pw55286744
55,287,638,pw55287638
55,290,094,pw55290094
55,297,267,pw55297267
55,297,893,pw55297893
55,299,454,pw55299454
55,300,229,pw55300229
55,301,547,pw55301547
55,302,665,pw55302665
55,302,859,pw55302859
55,306,353,pw55306353
55,306,438,pw55306438
55,308,000,pw55308000
55,309,110,pw55309110
55,310,689,pw55310689
55,315,604,pw55315604
55,316,159,pw55316159
55,320,098,pw55320098
55,322,378,pw55322378
55,324,170,pw55324170
55,325,525,pw55325525
55,327,591,pw55327591
55,327,597,pw55327597
55,327,607,pw55327607
55,327,775,pw55327775
55,328,842,pw55328842
55,329,927,pw55329927
55,330,862,pw55330862
55,332,665,pw55332665
55,336,515,pw55336515
55,336,592,pw55336592
55,341,076,pw55341076
55,341,145,pw55341145
55,342,209,pw55342209
55,345,302,pw55345302
55,349,021,pw55349021
55,349,727,pw55349727
55,350,404,pw55350404
55,350,754,pw55350754
55,350,910,pw55350910
55,351,364,pw55351364
55,351,447,pw55351447
55,352,782,pw55352782
55,353,212,pw55353212
55,353,258,pw55353258
55,356,567,pw55356567
55,359,335,pw55359335
55,359,437,pw55359437
55,360,179,pw55360179
55,362,764,pw55362764
55,362,804,pw55362804
55,362,910,pw55362910
55,363,674,pw55363674
55,367,043,pw55367043
55,368,599,pw55368599
55,370,380,pw55370380
55,375,940,pw55375940
55,377,741,pw55377741
55,378,174,pw55378174
55,382,799,pw55382799
55,386,653,pw55386653
55,389,411,pw55389411
55,390,521,pw55390521
55,390,592,pw55390592
55,397,134,pw55397134
55,399,101,pw55399101
55,399,365,pw55399365
55,402,676,pw55402676
55,404,928,pw55404928
55,405,939,pw55405939
55,407,104,pw55407104
55,408,039,pw55408039
55,423,222,pw55423222
55,429,217,pw55429217
55,430,085,pw55430085
55,430,629,pw55430629
55,430,789,pw55430789
55,432,512,pw55432512
55,435,476,pw55435476
55,436,347,pw55436347
55,437,069,pw55437069
55,438,075,pw55438075
55,438,105,pw55438105
55,440,581,pw55440581
55,440,825,pw55440825
55,441,039,pw55441039
55,447,063,pw55447063
55,449,113,pw55449113
55,450,480,pw55450480
55,451,938,pw55451938
55,453,645,pw55453645
55,455,542,pw55455542
55,456,464,pw55456464
55,473,276,pw55473276
55,481,447,pw55481447
55,488,104,pw55488104
55,490,463,pw55490463
55,490,908,pw55490908
55,492,586,pw55492586
55,493,978,pw55493978
55,495,061,pw55495061
55,498,326,pw55498326
55,503,496,pw55503496
55,505,806,pw55505806
55,518,153,pw55518153
55,519,017,pw55519017
55,520,675,pw55520675
55,520,694,pw55520694
55,520,976,pw55520976
55,527,532,pw55527532
55,529,765,pw55529765
55,531,661,pw55531661
55,541,133,pw55541133
55,543,990,pw55543990
55,544,228,pw55544228
55,546,483,pw55546483
55,547,291,pw55547291
55,549,732,pw55549732
55,550,432,pw55550432
55,552,257,pw55552257
55,552,844,pw55552844
55,563,376,pw55563376
55,565,554,pw55565554
55,567,264,pw55567264
55,567,493,pw55567493
55,568,304,pw55568304
55,596,801,pw55596801
55,598,690,pw55598690
55,600,340,pw55600340
55,605,511,pw55605511
55,608,325,pw55608325
55,608,623,pw55608623
55,622,325,pw55622325
55,622,741,pw55622741
55,652,013,pw55652013
55,656,506,pw55656506
55,657,730,pw55657730
55,659,004,pw55659004
55,663,048,pw55663048
55,663,856,pw55663856
55,666,709,pw55666709
55,666,766,pw55666766
55,680,157,pw55680157
55,682,245,pw55682245
55,686,065,pw55686065
55,689,920,pw55689920
55,690,208,pw55690208
55,695,843,pw55695843
55,696,438,pw55696438
55,697,442,pw55697442
55,705,409,pw55705409
55,705,479,pw55705479
55,706,474,pw55706474
55,707,708,pw55707708
55,710,915,pw55710915
55,716,244,pw55716244
55,716,906,pw55716906
55,725,579,pw55725579
55,727,936,pw55727936
55,736,295,pw55736295
55,740,442,pw55740442
55,752,627,pw55752627
55,754,669,pw55754669
55,760,422,pw55760422
55,762,227,pw55762227
55,772,375,pw55772375
55,776,624,pw55776624
55,785,116,pw55785116
55,789,806,pw55789806
55,790,692,pw55790692
55,792,153,pw55792153
55,793,661,pw55793661
55,800,025,pw55800025
55,813,026,pw55813026
55,814,811,pw55814811
55,818,894,pw55818894
55,823,211,pw55823211
55,823,686,pw55823686
55,836,858,pw55836858
55,842,304,pw55842304
55,842,851,pw55842851
55,856,241,pw55856241
55,859,864,pw55859864
55,860,407,pw55860407
55,860,642,pw55860642
55,861,592,pw55861592
55,868,911,pw55868911
55,876,070,pw55876070
55,876,856,pw55876856
55,879,389,pw55879389
55,887,953,pw55887953
55,890,071,pw55890071
55,897,064,pw55897064
55,909,527,pw55909527
55,919,882,pw55919882
55,920,330,pw55920330
55,921,501,pw55921501
55,922,112,pw55922112
55,925,236,pw55925236
55,928,017,pw55928017
55,930,653,pw55930653
55,933,654,pw55933654
55,934,961,pw55934961
55,944,201,pw55944201
55,946,658,pw55946658
55,949,010,pw55949010
55,950,885,pw55950885
55,951,556,pw55951556
55,957,446,pw55957446
55,958,546,pw55958546
55,960,671,pw55960671
55,960,925,pw55960925
55,961,761,pw55961761
55,961,852,pw55961852
55,965,263,pw55965263
55,966,061,pw55966061
55,968,786,pw55968786
55,968,908,pw55968908
55,969,333,pw55969333
55,969,487,pw55969487
55,969,835,pw55969835
55,969,912,pw55969912
55,969,914,pw55969914
55,969,915,pw55969915
55,969,917,pw55969917
55,969,918,pw55969918
55,969,919,pw55969919
55,969,920,pw55969920
55,969,922,pw55969922
55,969,923,pw55969923
55,969,926,pw55969926
55,969,928,pw55969928
55,969,930,pw55969930
55,969,935,pw55969935
55,969,939,pw55969939
55,969,942,pw55969942
55,969,945,pw55969945
55,969,950,pw55969950
55,969,952,pw55969952
55,969,955,pw55969955
55,969,957,pw55969957
55,969,959,pw55969959
55,969,961,pw55969961
55,969,968,pw55969968
55,969,971,pw55969971
55,969,972,pw55969972
55,969,974,pw55969974
55,969,979,pw55969979
55,969,980,pw55969980
55,969,982,pw55969982
55,969,983,pw55969983
55,969,985,pw55969985
55,969,987,pw55969987
55,969,991,pw55969991
55,969,995,pw55969995
55,969,996,pw55969996
55,969,998,pw55969998
55,970,002,pw55970002
55,970,004,pw55970004
55,970,006,pw55970006
55,970,007,pw55970007
55,970,008,pw55970008
55,970,010,pw55970010
55,970,012,pw55970012
55,970,014,pw55970014
55,970,018,pw55970018
55,970,019,pw55970019
55,970,020,pw55970020
55,970,021,pw55970021
55,970,022,pw55970022
55,970,023,pw55970023
55,970,024,pw55970024
55,970,025,pw55970025
55,970,026,pw55970026
55,970,027,pw55970027
55,970,029,pw55970029
55,970,030,pw55970030
55,970,033,pw55970033
55,970,036,pw55970036
55,970,037,pw55970037
55,970,041,pw55970041
55,970,042,pw55970042
55,970,043,pw55970043
55,970,044,pw55970044
55,970,046,pw55970046
55,970,047,pw55970047
55,970,048,pw55970048
55,970,049,pw55970049
55,970,050,pw55970050
55,970,052,pw55970052
55,970,053,pw55970053
55,970,054,pw55970054
55,970,055,pw55970055
55,970,058,pw55970058
55,970,122,pw55970122
55,970,159,pw55970159
55,970,207,pw55970207
55,970,210,pw55970210
55,970,216,pw55970216
55,970,220,pw55970220
55,970,222,pw55970222
55,970,223,pw55970223
55,970,227,pw55970227
55,970,228,pw55970228
55,970,232,pw55970232
55,970,235,pw55970235
55,970,237,pw55970237
55,970,239,pw55970239
55,970,251,pw55970251
55,970,253,pw55970253
55,970,256,pw55970256
55,970,258,pw55970258
55,970,261,pw55970261
55,970,263,pw55970263
55,970,264,pw55970264
55,970,265,pw55970265
55,970,266,pw55970266
55,970,270,pw55970270
55,970,272,pw55970272
55,970,276,pw55970276
55,970,281,pw55970281
55,970,284,pw55970284
55,970,285,pw55970285
55,970,295,pw55970295
55,970,304,pw55970304
55,970,305,pw55970305
55,970,311,pw55970311
55,970,324,pw55970324
55,970,332,pw55970332
55,970,335,pw55970335
55,970,341,pw55970341
55,970,343,pw55970343
55,970,344,pw55970344
55,970,345,pw55970345
55,970,349,pw55970349
55,970,352,pw55970352
55,970,354,pw55970354
55,970,357,pw55970357
55,970,360,pw55970360
55,970,367,pw55970367
55,970,368,pw55970368
55,970,370,pw55970370
55,970,375,pw55970375
55,970,378,pw55970378
55,970,379,pw55970379
55,970,382,pw55970382
55,970,384,pw55970384
55,970,385,pw55970385
55,970,386,pw55970386
55,970,387,pw55970387
55,970,388,pw55970388
55,970,392,pw55970392
55,970,393,pw55970393
55,970,394,pw55970394
55,970,395,pw55970395
55,970,397,pw55970397
55,970,398,pw55970398
55,970,401,pw55970401
55,970,402,pw55970402
55,970,403,pw55970403
55,970,404,pw55970404
55,970,405,pw55970405
55,970,407,pw55970407
55,970,408,pw55970408
55,970,413,pw55970413
55,970,414,pw55970414
55,970,415,pw55970415
55,970,424,pw55970424
55,970,429,pw55970429
55,970,431,pw55970431
55,970,437,pw55970437
55,970,438,pw55970438
55,970,442,pw55970442
55,970,443,pw55970443
55,970,445,pw55970445
55,970,447,pw55970447
55,970,451,pw55970451
55,970,455,pw55970455
55,970,456,pw55970456
55,970,457,pw55970457
55,970,459,pw55970459
55,970,461,pw55970461
55,970,463,pw55970463
55,970,465,pw55970465
55,970,468,pw55970468
55,970,470,pw55970470
55,970,472,pw55970472
55,970,474,pw55970474
55,970,475,pw55970475
55,970,476,pw55970476
55,970,477,pw55970477
55,970,491,pw55970491
55,970,493,pw55970493
55,970,494,pw55970494
55,970,496,pw55970496
55,970,498,pw55970498
55,970,500,pw55970500
55,970,503,pw55970503
55,970,508,pw55970508
55,970,509,pw55970509
55,970,519,pw55970519
55,970,525,pw55970525
55,970,529,pw55970529
55,970,536,pw55970536
55,970,548,pw55970548
55,970,553,pw55970553
55,970,558,pw55970558
55,970,567,pw55970567
55,970,573,pw55970573
55,970,577,pw55970577
55,970,581,pw55970581
55,970,583,pw55970583
55,970,586,pw55970586
55,970,591,pw55970591
55,970,593,pw55970593
55,970,605,pw55970605
55,970,607,pw55970607
55,970,616,pw55970616
55,970,620,pw55970620
55,970,621,pw55970621
55,970,627,pw55970627
55,970,632,pw55970632
55,970,642,pw55970642
55,970,646,pw55970646
55,970,647,pw55970647
55,970,648,pw55970648
55,970,651,pw55970651
55,970,652,pw55970652
55,970,656,pw55970656
55,970,658,pw55970658
55,970,660,pw55970660
55,970,662,pw55970662
55,970,669,pw55970669
55,970,679,pw55970679
55,970,681,pw55970681
55,970,685,pw55970685
55,970,686,pw55970686
55,970,690,pw55970690
55,970,694,pw55970694
55,970,696,pw55970696
55,970,698,pw55970698
55,970,699,pw55970699
55,970,703,pw55970703
55,970,708,pw55970708
55,970,710,pw55970710
55,970,711,pw55970711
55,970,712,pw55970712
55,970,718,pw55970718
55,970,730,pw55970730
55,970,734,pw55970734
55,970,735,pw55970735
55,970,740,pw55970740
55,970,742,pw55970742
55,970,748,pw55970748
55,970,761,pw55970761
55,970,766,pw55970766
55,970,771,pw55970771
55,970,777,pw55970777
55,970,782,pw55970782
55,970,786,pw55970786
55,970,788,pw55970788
55,970,789,pw55970789
55,970,790,pw55970790
55,970,791,pw55970791
55,970,793,pw55970793
55,970,795,pw55970795
55,970,798,pw55970798
55,970,799,pw55970799
55,970,803,pw55970803
55,970,806,pw55970806
55,970,807,pw55970807
55,970,812,pw55970812
55,970,814,pw55970814
55,970,815,pw55970815
55,970,817,pw55970817
55,970,819,pw55970819
55,970,820,pw55970820
55,970,821,pw55970821
55,970,822,pw55970822
55,970,823,pw55970823
55,970,825,pw55970825
55,970,826,pw55970826
55,970,827,pw55970827
55,970,839,pw55970839
55,970,842,pw55970842
55,970,873,pw55970873
55,970,888,pw55970888
55,970,896,pw55970896
55,970,898,pw55970898
55,970,899,pw55970899
55,970,900,pw55970900
55,970,901,pw55970901
55,970,906,pw55970906
55,970,909,pw55970909
55,970,910,pw55970910
55,970,911,pw55970911
55,970,913,pw55970913
55,970,914,pw55970914
55,970,915,pw55970915
55,970,916,pw55970916
55,970,919,pw55970919
55,970,920,pw55970920
55,970,921,pw55970921
55,970,922,pw55970922
55,970,925,pw55970925
55,971,083,pw55971083
55,971,087,pw55971087
55,971,092,pw55971092
55,971,095,pw55971095
55,971,096,pw55971096
55,971,100,pw55971100
55,971,105,pw55971105
55,971,106,pw55971106
55,971,109,pw55971109
55,971,110,pw55971110
55,971,116,pw55971116
55,971,119,pw55971119
55,971,124,pw55971124
55,971,125,pw55971125
55,971,131,pw55971131
55,971,134,pw55971134
55,971,136,pw55971136
55,971,138,pw55971138
55,971,155,pw55971155
55,971,158,pw55971158
55,971,164,pw55971164
55,971,165,pw55971165
55,971,174,pw55971174
55,971,181,pw55971181
55,971,182,pw55971182
55,971,184,pw55971184
55,971,186,pw55971186
55,971,191,pw55971191
55,971,193,pw55971193
55,971,213,pw55971213
55,971,219,pw55971219
55,971,221,pw55971221
55,971,223,pw55971223
55,971,241,pw55971241
55,971,242,pw55971242
55,971,243,pw55971243
55,971,245,pw55971245
55,972,441,pw55972441
55,972,455,pw55972455
55,972,712,pw55972712
55,972,716,pw55972716
55,972,717,pw55972717
55,972,730,pw55972730
55,972,744,pw55972744
55,972,754,pw55972754
55,972,755,pw55972755
55,972,760,pw55972760
55,972,766,pw55972766
55,972,769,pw55972769
55,972,775,pw55972775
55,972,776,pw55972776
55,972,783,pw55972783
55,972,787,pw55972787
55,972,794,pw55972794
55,972,799,pw55972799
55,972,800,pw55972800
55,972,830,pw55972830
55,972,832,pw55972832
55,972,836,pw55972836
55,972,845,pw55972845
55,972,847,pw55972847
55,972,868,pw55972868
55,972,873,pw55972873
55,972,874,pw55972874
55,972,878,pw55972878
55,972,880,pw55972880
55,972,881,pw55972881
55,972,882,pw55972882
55,972,885,pw55972885
55,972,886,pw55972886
55,972,889,pw55972889
55,972,896,pw55972896
55,972,897,pw55972897
55,972,901,pw55972901
55,972,902,pw55972902
55,972,903,pw55972903
55,972,906,pw55972906
55,972,908,pw55972908
55,972,909,pw55972909
55,972,910,pw55972910
55,972,911,pw55972911
55,972,912,pw55972912
55,972,913,pw55972913
55,972,914,pw55972914
55,972,920,pw55972920
55,972,921,pw55972921
55,972,922,pw55972922
55,972,923,pw55972923
55,972,925,pw55972925
55,972,926,pw55972926
55,972,928,pw55972928
55,972,934,pw55972934
55,972,936,pw55972936
55,972,937,pw55972937
55,972,939,pw55972939
55,972,943,pw55972943
55,972,954,pw55972954
55,972,955,pw55972955
55,973,006,pw55973006
55,973,011,pw55973011
55,973,012,pw55973012
55,973,013,pw55973013
55,973,014,pw55973014
55,973,019,pw55973019
55,973,021,pw55973021
55,973,024,pw55973024
55,973,032,pw55973032
55,973,038,pw55973038
55,973,039,pw55973039
55,973,044,pw55973044
55,973,045,pw55973045
55,973,047,pw55973047
55,973,048,pw55973048
55,973,050,pw55973050
55,973,058,pw55973058
55,973,059,pw55973059
55,973,060,pw55973060
55,973,062,pw55973062
55,973,063,pw55973063
55,973,072,pw55973072
55,973,076,pw55973076
55,973,088,pw55973088
55,973,095,pw55973095
55,973,120,pw55973120
55,973,122,pw55973122
55,973,129,pw55973129
55,973,136,pw55973136
55,973,138,pw55973138
55,973,143,pw55973143
55,973,748,pw55973748
55,973,750,pw55973750
55,973,752,pw55973752
55,973,762,pw55973762
55,973,763,pw55973763
55,973,770,pw55973770
55,973,775,pw55973775
55,973,776,pw55973776
55,973,784,pw55973784
55,973,790,pw55973790
55,973,791,pw55973791
55,973,793,pw55973793
55,973,807,pw55973807
55,973,827,pw55973827
55,973,831,pw55973831
55,973,850,pw55973850
55,973,861,pw55973861
55,973,890,pw55973890
55,973,895,pw55973895
55,973,908,pw55973908
55,973,929,pw55973929
55,973,947,pw55973947
55,974,238,pw55974238
55,974,520,pw55974520
55,974,521,pw55974521
55,974,527,pw55974527
55,974,530,pw55974530
55,974,538,pw55974538
55,974,542,pw55974542
55,974,547,pw55974547
55,974,551,pw55974551
55,974,566,pw55974566
55,974,572,pw55974572
55,974,578,pw55974578
55,974,580,pw55974580
55,974,584,pw55974584
55,974,593,pw55974593
55,974,595,pw55974595
55,974,600,pw55974600
55,974,612,pw55974612
55,974,639,pw55974639
55,974,642,pw55974642
55,974,644,pw55974644
55,974,648,pw55974648
55,974,656,pw55974656
55,974,660,pw55974660
55,974,667,pw55974667
55,974,668,pw55974668
55,974,674,pw55974674
55,974,678,pw55974678
55,975,264,pw55975264
55,975,273,pw55975273
55,975,275,pw55975275
55,975,278,pw55975278
55,975,280,pw55975280
55,975,283,pw55975283
55,975,284,pw55975284
55,975,288,pw55975288
55,975,289,pw55975289
55,975,291,pw55975291
55,975,295,pw55975295
55,975,296,pw55975296
55,975,297,pw55975297
55,975,299,pw55975299
55,975,300,pw55975300
55,975,302,pw55975302
55,975,303,pw55975303
55,975,306,pw55975306
55,975,307,pw55975307
55,975,309,pw55975309
55,975,312,pw55975312
55,975,316,pw55975316
55,975,339,pw55975339
55,975,362,pw55975362
55,975,365,pw55975365
55,976,303,pw55976303
55,976,419,pw55976419
55,976,429,pw55976429
55,976,431,pw55976431
55,976,446,pw55976446
55,976,447,pw55976447
55,976,448,pw55976448
55,976,454,pw55976454
55,976,456,pw55976456
55,976,470,pw55976470
55,976,473,pw55976473
55,976,474,pw55976474
55,976,477,pw55976477
55,976,486,pw55976486
55,976,487,pw55976487
55,976,494,pw55976494
55,976,503,pw55976503
55,976,508,pw55976508
55,976,510,pw55976510
55,976,514,pw55976514
55,976,518,pw55976518
55,976,520,pw55976520
55,976,523,pw55976523
55,976,524,pw55976524
55,976,548,pw55976548
55,976,558,pw55976558
55,976,570,pw55976570
55,976,575,pw55976575
55,976,584,pw55976584
55,976,591,pw55976591
55,976,599,pw55976599
55,976,606,pw55976606
55,976,614,pw55976614
55,976,618,pw55976618
55,976,619,pw55976619
55,976,631,pw55976631
55,976,637,pw55976637
55,976,671,pw55976671
55,976,675,pw55976675
55,976,685,pw55976685
55,976,688,pw55976688
55,976,712,pw55976712
55,976,734,pw55976734
55,976,736,pw55976736
55,976,756,pw55976756
55,976,761,pw55976761
55,976,764,pw55976764
55,976,767,pw55976767
55,976,789,pw55976789
55,976,796,pw55976796
55,976,810,pw55976810
55,976,815,pw55976815
55,976,816,pw55976816
55,976,819,pw55976819
55,976,821,pw55976821
55,976,822,pw55976822
55,976,829,pw55976829
55,976,838,pw55976838
55,976,841,pw55976841
55,976,846,pw55976846
55,976,847,pw55976847
55,977,313,pw55977313
55,977,314,pw55977314
55,977,315,pw55977315
55,977,319,pw55977319
55,977,320,pw55977320
55,977,323,pw55977323
55,977,325,pw55977325
55,977,328,pw55977328
55,977,329,pw55977329
55,977,338,pw55977338
55,977,343,pw55977343
55,977,347,pw55977347
55,977,348,pw55977348
55,977,373,pw55977373
55,977,376,pw55977376
55,977,377,pw55977377
55,977,380,pw55977380
55,977,382,pw55977382
55,977,385,pw55977385
55,977,388,pw55977388
55,977,389,pw55977389
55,977,392,pw55977392
55,977,394,pw55977394
55,977,395,pw55977395
55,977,416,pw55977416
55,977,433,pw55977433
55,977,441,pw55977441
55,977,445,pw55977445
55,978,797,pw55978797
55,978,802,pw55978802
55,978,803,pw55978803
55,978,804,pw55978804
55,978,813,pw55978813
55,978,817,pw55978817
55,978,818,pw55978818
55,978,823,pw55978823
55,978,826,pw55978826
55,978,838,pw55978838
55,978,842,pw55978842
55,978,844,pw55978844
55,978,846,pw55978846
55,978,853,pw55978853
55,978,863,pw55978863
55,978,866,pw55978866
55,978,871,pw55978871
55,978,874,pw55978874
55,978,877,pw55978877
55,978,878,pw55978878
55,978,880,pw55978880
55,978,894,pw55978894
55,978,897,pw55978897
55,978,904,pw55978904
55,978,909,pw55978909
55,978,911,pw55978911
55,978,912,pw55978912
55,978,919,pw55978919
55,978,922,pw55978922
55,978,934,pw55978934
55,978,997,pw55978997
55,979,052,pw55979052
55,979,054,pw55979054
55,979,065,pw55979065
55,979,070,pw55979070
55,979,076,pw55979076
55,979,077,pw55979077
55,979,079,pw55979079
55,979,080,pw55979080
55,979,084,pw55979084
55,979,232,pw55979232
55,979,235,pw55979235
55,979,238,pw55979238
55,979,240,pw55979240
55,979,241,pw55979241
55,979,249,pw55979249
55,979,253,pw55979253
55,979,255,pw55979255
55,979,261,pw55979261
55,979,267,pw55979267
55,979,270,pw55979270
55,979,274,pw55979274
55,979,283,pw55979283
55,979,288,pw55979288
55,979,307,pw55979307
55,979,309,pw55979309
55,979,325,pw55979325
55,979,337,pw55979337
55,979,341,pw55979341
55,979,356,pw55979356
55,979,365,pw55979365
55,979,374,pw55979374
55,980,031,pw55980031
55,980,037,pw55980037
55,980,043,pw55980043
55,980,050,pw55980050
55,980,051,pw55980051
55,980,055,pw55980055
55,980,060,pw55980060
55,980,063,pw55980063
55,980,064,pw55980064
55,980,066,pw55980066
55,980,069,pw55980069
55,980,082,pw55980082
55,980,083,pw55980083
55,980,087,pw55980087
55,980,089,pw55980089
55,980,097,pw55980097
55,980,099,pw55980099
55,980,102,pw55980102
55,980,106,pw55980106
55,980,107,pw55980107
55,980,128,pw55980128
55,980,190,pw55980190
55,980,204,pw55980204
55,980,211,pw55980211
55,980,216,pw55980216
55,980,217,pw55980217
55,980,232,pw55980232
55,980,259,pw55980259
55,980,273,pw55980273
55,980,289,pw55980289
55,980,317,pw55980317
55,980,347,pw55980347
55,980,354,pw55980354
55,980,356,pw55980356
55,980,357,pw55980357
55,980,896,pw55980896
55,980,999,pw55980999
55,981,008,pw55981008
55,981,013,pw55981013
55,981,016,pw55981016
55,981,017,pw55981017
55,981,019,pw55981019
55,981,020,pw55981020
55,981,023,pw55981023
55,981,029,pw55981029
55,981,033,pw55981033
55,981,035,pw55981035
55,981,047,pw55981047
55,981,054,pw55981054
55,981,059,pw55981059
55,981,073,pw55981073
55,981,109,pw55981109
55,981,122,pw55981122
55,981,124,pw55981124
55,981,133,pw55981133
55,981,135,pw55981135
55,981,143,pw55981143
55,981,154,pw55981154
55,981,156,pw55981156
55,981,158,pw55981158
55,981,160,pw55981160
55,981,165,pw55981165
55,981,183,pw55981183
55,981,187,pw55981187
55,981,195,pw55981195
55,981,196,pw55981196
55,981,197,pw55981197
55,981,199,pw55981199
55,981,200,pw55981200
55,981,204,pw55981204
55,981,205,pw55981205
55,981,210,pw55981210
55,981,213,pw55981213
55,981,217,pw55981217
55,981,222,pw55981222
55,981,224,pw55981224
55,981,225,pw55981225
55,981,226,pw55981226
55,981,227,pw55981227
55,981,232,pw55981232
55,981,237,pw55981237
55,981,241,pw55981241
55,981,242,pw55981242
55,981,248,pw55981248
55,981,255,pw55981255
55,981,258,pw55981258
55,981,259,pw55981259
55,981,260,pw55981260
55,981,261,pw55981261
55,981,262,pw55981262
55,981,265,pw55981265
55,981,272,pw55981272
55,981,293,pw55981293
55,981,295,pw55981295
55,981,296,pw55981296
55,981,312,pw55981312
55,981,314,pw55981314
55,981,318,pw55981318
55,981,319,pw55981319
55,981,321,pw55981321
55,981,327,pw55981327
55,981,334,pw55981334
55,981,341,pw55981341
55,981,344,pw55981344
55,981,350,pw55981350
55,981,352,pw55981352
55,981,362,pw55981362
55,981,371,pw55981371
55,981,373,pw55981373
55,981,375,pw55981375
55,981,376,pw55981376
55,981,377,pw55981377
55,981,381,pw55981381
55,981,384,pw55981384
55,981,389,pw55981389
55,981,390,pw55981390
55,981,391,pw55981391
55,981,394,pw55981394
55,981,395,pw55981395
55,981,398,pw55981398
55,981,399,pw55981399
55,981,401,pw55981401
55,981,425,pw55981425
55,981,427,pw55981427
55,981,431,pw55981431
55,981,438,pw55981438
55,981,441,pw55981441
55,981,449,pw55981449
55,981,452,pw55981452
55,981,456,pw55981456
55,981,469,pw55981469
55,981,470,pw55981470
55,981,473,pw55981473
55,981,487,pw55981487
55,981,495,pw55981495
55,981,498,pw55981498
55,981,506,pw55981506
55,981,507,pw55981507
55,981,517,pw55981517
55,981,519,pw55981519
55,981,522,pw55981522
55,981,524,pw55981524
55,981,525,pw55981525
55,981,529,pw55981529
55,981,533,pw55981533
55,981,536,pw55981536
55,981,538,pw55981538
55,981,544,pw55981544
55,981,548,pw55981548
55,981,549,pw55981549
55,981,552,pw55981552
55,981,553,pw55981553
55,981,555,pw55981555
55,981,558,pw55981558
55,981,560,pw55981560
55,981,561,pw55981561
55,981,566,pw55981566
55,981,570,pw55981570
55,981,572,pw55981572
55,981,574,pw55981574
55,981,575,pw55981575
55,981,576,pw55981576
55,981,577,pw55981577
55,981,582,pw55981582
55,981,583,pw55981583
55,981,585,pw55981585
55,981,590,pw55981590
55,981,591,pw55981591
55,981,594,pw55981594
55,981,598,pw55981598
55,981,601,pw55981601
55,981,602,pw55981602
55,981,604,pw55981604
55,981,610,pw55981610
55,981,611,pw55981611
55,981,618,pw55981618
55,981,623,pw55981623
55,981,626,pw55981626
55,981,628,pw55981628
55,981,629,pw55981629
55,981,634,pw55981634
55,981,635,pw55981635
55,981,645,pw55981645
55,981,646,pw55981646
55,981,648,pw55981648
55,981,655,pw55981655
55,981,657,pw55981657
55,981,658,pw55981658
55,981,662,pw55981662
55,981,673,pw55981673
55,981,677,pw55981677
55,981,682,pw55981682
55,981,697,pw55981697
55,981,698,pw55981698
55,981,700,pw55981700
55,981,703,pw55981703
55,981,706,pw55981706
55,981,709,pw55981709
55,981,712,pw55981712
55,981,780,pw55981780
55,981,907,pw55981907
55,982,455,pw55982455
55,983,026,pw55983026
55,983,199,pw55983199
55,983,213,pw55983213
55,983,690,pw55983690
56,005,937,pw56005937
56,006,330,pw56006330
56,006,844,pw56006844
56,008,377,pw56008377
56,010,620,pw56010620
56,010,747,pw56010747
56,011,498,pw56011498
56,011,698,pw56011698
56,011,769,pw56011769
56,011,959,pw56011959
56,013,989,pw56013989
56,014,877,pw56014877
56,014,880,pw56014880
56,014,881,pw56014881
56,014,882,pw56014882
56,014,883,pw56014883
56,014,885,pw56014885
56,014,889,pw56014889
56,014,891,pw56014891
56,014,892,pw56014892
56,014,893,pw56014893
56,014,894,pw56014894
56,014,896,pw56014896
56,014,897,pw56014897
56,014,898,pw56014898
56,014,899,pw56014899
56,014,901,pw56014901
56,014,905,pw56014905
56,014,906,pw56014906
56,014,911,pw56014911
56,014,912,pw56014912
56,014,913,pw56014913
56,014,915,pw56014915
56,014,916,pw56014916
56,014,918,pw56014918
56,014,921,pw56014921
56,014,922,pw56014922
56,014,923,pw56014923
56,014,924,pw56014924
56,014,926,pw56014926
56,014,932,pw56014932
56,014,933,pw56014933
56,014,934,pw56014934
56,014,943,pw56014943
56,014,944,pw56014944
56,015,048,pw56015048
56,015,132,pw56015132
56,015,135,pw56015135
56,015,138,pw56015138
56,015,142,pw56015142
56,015,143,pw56015143
56,015,159,pw56015159
56,015,165,pw56015165
56,015,171,pw56015171
56,015,180,pw56015180
56,015,181,pw56015181
56,015,183,pw56015183
56,015,188,pw56015188
56,015,190,pw56015190
56,015,195,pw56015195
56,015,198,pw56015198
56,015,199,pw56015199
56,015,200,pw56015200
56,015,201,pw56015201
56,015,319,pw56015319
56,015,336,pw56015336
56,015,338,pw56015338
56,015,339,pw56015339
56,015,341,pw56015341
56,015,342,pw56015342
56,015,343,pw56015343
56,015,345,pw56015345
56,015,347,pw56015347
56,015,349,pw56015349
56,015,366,pw56015366
56,015,367,pw56015367
56,015,368,pw56015368
56,015,370,pw56015370
56,015,372,pw56015372
56,015,374,pw56015374
56,015,375,pw56015375
56,015,376,pw56015376
56,015,377,pw56015377
56,015,432,pw56015432
56,015,468,pw56015468
56,015,469,pw56015469
56,015,470,pw56015470
56,015,473,pw56015473
56,015,477,pw56015477
56,015,481,pw56015481
56,015,483,pw56015483
56,015,490,pw56015490
56,015,493,pw56015493
56,015,509,pw56015509
56,015,511,pw56015511
56,015,515,pw56015515
56,015,561,pw56015561
56,015,562,pw56015562
56,015,563,pw56015563
56,015,567,pw56015567
56,015,568,pw56015568
56,015,571,pw56015571
56,015,578,pw56015578
56,015,579,pw56015579
56,015,580,pw56015580
56,015,608,pw56015608
56,015,609,pw56015609
56,015,611,pw56015611
56,015,660,pw56015660
56,015,671,pw56015671
56,015,677,pw56015677
56,015,681,pw56015681
56,015,685,pw56015685
56,015,689,pw56015689
56,015,691,pw56015691
56,015,845,pw56015845
56,015,846,pw56015846
56,015,847,pw56015847
56,015,849,pw56015849
56,015,850,pw56015850
56,015,851,pw56015851
56,015,854,pw56015854
56,015,855,pw56015855
56,015,859,pw56015859
56,015,860,pw56015860
56,015,861,pw56015861
56,015,863,pw56015863
56,015,875,pw56015875
56,015,877,pw56015877
56,015,879,pw56015879
56,015,881,pw56015881
56,015,882,pw56015882
56,015,884,pw56015884
56,015,888,pw56015888
56,015,942,pw56015942
56,015,945,pw56015945
56,015,946,pw56015946
56,015,947,pw56015947
56,015,948,pw56015948
56,015,949,pw56015949
56,015,952,pw56015952
56,016,040,pw56016040
56,016,042,pw56016042
56,016,043,pw56016043
56,016,046,pw56016046
56,016,048,pw56016048
56,016,050,pw56016050
56,016,051,pw56016051
56,016,054,pw56016054
56,016,056,pw56016056
56,016,077,pw56016077
56,016,194,pw56016194
56,016,202,pw56016202
56,016,228,pw56016228
56,016,231,pw56016231
56,016,233,pw56016233
56,016,237,pw56016237
56,016,238,pw56016238
56,016,239,pw56016239
56,016,240,pw56016240
56,016,243,pw56016243
56,016,261,pw56016261
56,016,285,pw56016285
56,016,288,pw56016288
56,016,289,pw56016289
56,016,290,pw56016290
56,016,874,pw56016874
56,016,876,pw56016876
56,016,943,pw56016943
56,016,946,pw56016946
56,016,948,pw56016948
56,016,949,pw56016949
56,016,951,pw56016951
56,016,952,pw56016952
56,017,021,pw56017021
56,017,146,pw56017146
56,017,345,pw56017345
56,017,355,pw56017355
56,017,365,pw56017365
56,017,370,pw56017370
56,017,378,pw56017378
56,017,393,pw56017393
56,017,399,pw56017399
56,017,401,pw56017401
56,017,413,pw56017413
56,018,018,pw56018018
56,018,030,pw56018030
56,018,075,pw56018075
56,018,100,pw56018100
56,018,113,pw56018113
56,018,117,pw56018117
56,018,124,pw56018124
56,018,126,pw56018126
56,018,128,pw56018128
56,018,145,pw56018145
56,018,287,pw56018287
56,018,296,pw56018296
56,018,299,pw56018299
56,018,303,pw56018303
56,018,309,pw56018309
56,018,311,pw56018311
56,018,350,pw56018350
56,018,351,pw56018351
56,018,362,pw56018362
56,018,363,pw56018363
56,018,370,pw56018370
56,018,371,pw56018371
56,018,372,pw56018372
56,018,455,pw56018455
56,018,456,pw56018456
56,018,457,pw56018457
56,018,458,pw56018458
56,018,459,pw56018459
56,018,461,pw56018461
56,018,516,pw56018516
56,018,524,pw56018524
56,018,532,pw56018532
56,018,554,pw56018554
56,018,555,pw56018555
56,018,732,pw56018732
56,018,737,pw56018737
56,018,755,pw56018755
56,018,757,pw56018757
56,018,843,pw56018843
56,018,859,pw56018859
56,018,861,pw56018861
56,018,864,pw56018864
56,018,874,pw56018874
56,018,906,pw56018906
56,019,208,pw56019208
56,020,063,pw56020063
56,020,076,pw56020076
56,020,088,pw56020088
56,020,092,pw56020092
56,020,095,pw56020095
56,020,098,pw56020098
56,020,105,pw56020105
56,020,107,pw56020107
56,020,116,pw56020116
56,020,119,pw56020119
56,020,123,pw56020123
56,020,127,pw56020127
56,020,130,pw56020130
56,020,266,pw56020266
56,020,268,pw56020268
56,020,278,pw56020278
56,020,287,pw56020287
56,020,294,pw56020294
56,020,318,pw56020318
56,020,345,pw56020345
56,020,350,pw56020350
56,020,493,pw56020493
56,020,494,pw56020494
56,020,497,pw56020497
56,020,501,pw56020501
56,020,505,pw56020505
56,020,518,pw56020518
56,020,685,pw56020685
56,020,686,pw56020686
56,020,717,pw56020717
56,020,719,pw56020719
56,020,872,pw56020872
56,020,873,pw56020873
56,020,914,pw56020914
56,020,915,pw56020915
56,020,921,pw56020921
56,020,924,pw56020924
56,020,925,pw56020925
56,020,928,pw56020928
56,020,931,pw56020931
56,020,935,pw56020935
56,020,936,pw56020936
56,020,937,pw56020937
56,021,335,pw56021335
56,021,338,pw56021338
56,021,340,pw56021340
56,021,386,pw56021386
56,021,457,pw56021457
56,021,460,pw56021460
56,021,461,pw56021461
56,021,465,pw56021465
56,021,466,pw56021466
56,021,476,pw56021476
56,021,483,pw56021483
56,021,612,pw56021612
56,021,616,pw56021616
56,021,619,pw56021619
56,021,620,pw56021620
56,021,636,pw56021636
56,021,709,pw56021709
56,021,716,pw56021716
56,021,798,pw56021798
56,021,802,pw56021802
56,021,815,pw56021815
56,021,819,pw56021819
56,021,834,pw56021834
56,021,956,pw56021956
56,021,959,pw56021959
56,021,961,pw56021961
56,021,965,pw56021965
56,021,966,pw56021966
56,021,969,pw56021969
56,021,997,pw56021997
56,022,000,pw56022000
56,022,160,pw56022160
56,022,167,pw56022167
56,022,191,pw56022191
56,022,195,pw56022195
56,022,203,pw56022203
56,022,209,pw56022209
56,022,210,pw56022210
56,022,214,pw56022214
56,022,236,pw56022236
56,022,374,pw56022374
56,022,382,pw56022382
56,022,393,pw56022393
56,022,394,pw56022394
56,022,395,pw56022395
56,022,577,pw56022577
56,022,585,pw56022585
56,022,599,pw56022599
56,022,681,pw56022681
56,022,685,pw56022685
56,022,689,pw56022689
56,022,693,pw56022693
56,022,695,pw56022695
56,022,698,pw56022698
56,022,731,pw56022731
56,022,733,pw56022733
56,022,734,pw56022734
56,022,735,pw56022735
56,022,748,pw56022748
56,022,750,pw56022750
56,022,752,pw56022752
56,022,753,pw56022753
56,022,754,pw56022754
56,022,755,pw56022755
56,022,758,pw56022758
56,022,759,pw56022759
56,022,762,pw56022762
56,022,763,pw56022763
56,022,766,pw56022766
56,022,768,pw56022768
56,022,770,pw56022770
56,022,775,pw56022775
56,022,776,pw56022776
56,022,781,pw56022781
56,022,848,pw56022848
56,022,851,pw56022851
56,022,854,pw56022854
56,022,861,pw56022861
56,022,862,pw56022862
56,023,242,pw56023242
56,023,243,pw56023243
56,023,244,pw56023244
56,023,246,pw56023246
56,023,248,pw56023248
56,023,254,pw56023254
56,023,255,pw56023255
56,023,334,pw56023334
56,023,338,pw56023338
56,023,340,pw56023340
56,023,341,pw56023341
56,023,368,pw56023368
56,023,409,pw56023409
56,023,414,pw56023414
56,023,711,pw56023711
56,023,712,pw56023712
56,023,713,pw56023713
56,023,715,pw56023715
56,023,716,pw56023716
56,023,717,pw56023717
56,023,718,pw56023718
56,023,719,pw56023719
56,023,721,pw56023721
56,023,750,pw56023750
56,023,752,pw56023752
56,023,756,pw56023756
56,023,776,pw56023776
56,023,783,pw56023783
56,023,784,pw56023784
56,023,785,pw56023785
56,023,786,pw56023786
56,023,792,pw56023792
56,023,794,pw56023794
56,023,796,pw56023796
56,023,797,pw56023797
56,023,804,pw56023804
56,023,813,pw56023813
56,023,815,pw56023815
56,023,818,pw56023818
56,023,820,pw56023820
56,023,821,pw56023821
56,023,822,pw56023822
56,023,824,pw56023824
56,023,826,pw56023826
56,023,865,pw56023865
56,023,867,pw56023867
56,023,869,pw56023869
56,023,870,pw56023870
56,023,872,pw56023872
56,023,873,pw56023873
56,023,875,pw56023875
56,023,879,pw56023879
56,023,880,pw56023880
56,023,882,pw56023882
56,023,883,pw56023883
56,023,980,pw56023980
56,023,984,pw56023984
56,023,989,pw56023989
56,023,990,pw56023990
56,023,991,pw56023991
56,023,993,pw56023993
56,023,995,pw56023995
56,023,998,pw56023998
56,024,226,pw56024226
56,024,250,pw56024250
56,024,251,pw56024251
56,024,253,pw56024253
56,024,255,pw56024255
56,024,258,pw56024258
56,024,259,pw56024259
56,024,260,pw56024260
56,024,261,pw56024261
56,024,262,pw56024262
56,024,264,pw56024264
56,024,266,pw56024266
56,024,356,pw56024356
56,024,358,pw56024358
56,024,361,pw56024361
56,024,362,pw56024362
56,024,363,pw56024363
56,024,366,pw56024366
56,024,370,pw56024370
56,024,373,pw56024373
56,024,374,pw56024374
56,024,376,pw56024376
56,024,378,pw56024378
56,024,383,pw56024383
56,024,384,pw56024384
56,024,502,pw56024502
56,024,687,pw56024687
56,024,689,pw56024689
56,024,690,pw56024690
56,024,694,pw56024694
56,024,695,pw56024695
56,024,699,pw56024699
56,024,704,pw56024704
56,024,705,pw56024705
56,024,706,pw56024706
56,024,707,pw56024707
56,024,708,pw56024708
56,024,730,pw56024730
56,024,799,pw56024799
56,024,802,pw56024802
56,024,806,pw56024806
56,024,812,pw56024812
56,024,813,pw56024813
56,024,841,pw56024841
56,024,851,pw56024851
56,024,859,pw56024859
56,024,860,pw56024860
56,024,862,pw56024862
56,024,866,pw56024866
56,024,868,pw56024868
56,024,869,pw56024869
56,024,871,pw56024871
56,024,874,pw56024874
56,024,876,pw56024876
56,024,877,pw56024877
56,024,878,pw56024878
56,024,879,pw56024879
56,024,885,pw56024885
56,024,886,pw56024886
56,024,888,pw56024888
56,024,889,pw56024889
56,024,892,pw56024892
56,024,893,pw56024893
56,024,894,pw56024894
56,024,898,pw56024898
56,024,899,pw56024899
56,024,900,pw56024900
56,024,902,pw56024902
56,024,904,pw56024904
56,024,923,pw56024923
56,024,925,pw56024925
56,024,926,pw56024926
56,024,927,pw56024927
56,024,928,pw56024928
56,024,930,pw56024930
56,024,932,pw56024932
56,024,934,pw56024934
56,024,935,pw56024935
56,024,938,pw56024938
56,024,971,pw56024971
56,024,972,pw56024972
56,024,974,pw56024974
56,024,976,pw56024976
56,024,977,pw56024977
56,024,979,pw56024979
56,024,983,pw56024983
56,024,990,pw56024990
56,025,006,pw56025006
56,025,087,pw56025087
56,025,093,pw56025093
56,025,097,pw56025097
56,025,125,pw56025125
56,025,130,pw56025130
56,025,166,pw56025166
56,025,365,pw56025365
56,025,369,pw56025369
56,025,371,pw56025371
56,025,373,pw56025373
56,025,375,pw56025375
56,025,376,pw56025376
56,025,378,pw56025378
56,025,379,pw56025379
56,025,383,pw56025383
56,025,387,pw56025387
56,025,388,pw56025388
56,025,389,pw56025389
56,025,392,pw56025392
56,025,408,pw56025408
56,025,420,pw56025420
56,025,435,pw56025435
56,025,436,pw56025436
56,025,439,pw56025439
56,025,440,pw56025440
56,025,442,pw56025442
56,025,445,pw56025445
56,025,449,pw56025449
56,025,452,pw56025452
56,025,559,pw56025559
56,025,560,pw56025560
56,025,562,pw56025562
56,025,563,pw56025563
56,025,567,pw56025567
56,025,576,pw56025576
56,025,577,pw56025577
56,025,581,pw56025581
56,025,586,pw56025586
56,025,588,pw56025588
56,025,601,pw56025601
56,025,604,pw56025604
56,025,698,pw56025698
56,025,702,pw56025702
56,025,703,pw56025703
56,025,704,pw56025704
56,025,705,pw56025705
56,025,711,pw56025711
56,025,712,pw56025712
56,025,713,pw56025713
56,025,719,pw56025719
56,025,720,pw56025720
56,025,721,pw56025721
56,025,722,pw56025722
56,025,723,pw56025723
56,025,726,pw56025726
56,025,734,pw56025734
56,025,735,pw56025735
56,025,740,pw56025740
56,025,741,pw56025741
56,025,747,pw56025747
56,025,750,pw56025750
56,025,753,pw56025753
56,025,778,pw56025778
56,025,779,pw56025779
56,025,782,pw56025782
56,025,785,pw56025785
56,025,829,pw56025829
56,025,839,pw56025839
56,025,843,pw56025843
56,025,845,pw56025845
56,025,847,pw56025847
56,025,856,pw56025856
56,025,858,pw56025858
56,025,876,pw56025876
56,025,879,pw56025879
56,025,909,pw56025909
56,025,910,pw56025910
56,025,917,pw56025917
56,025,918,pw56025918
56,025,921,pw56025921
56,025,928,pw56025928
56,025,931,pw56025931
56,025,933,pw56025933
56,025,934,pw56025934
56,025,935,pw56025935
56,025,939,pw56025939
56,025,942,pw56025942
56,025,948,pw56025948
56,025,949,pw56025949
56,025,951,pw56025951
56,025,953,pw56025953
56,025,955,pw56025955
56,025,957,pw56025957
56,025,959,pw56025959
56,025,961,pw56025961
56,025,963,pw56025963
56,025,964,pw56025964
56,025,965,pw56025965
56,025,967,pw56025967
56,025,968,pw56025968
56,025,969,pw56025969
56,025,971,pw56025971
56,025,973,pw56025973
56,025,977,pw56025977
56,025,981,pw56025981
56,025,982,pw56025982
56,025,983,pw56025983
56,025,984,pw56025984
56,025,986,pw56025986
56,025,990,pw56025990
56,025,991,pw56025991
56,025,999,pw56025999
56,026,001,pw56026001
56,026,002,pw56026002
56,026,004,pw56026004
56,026,010,pw56026010
56,026,018,pw56026018
56,026,038,pw56026038
56,026,043,pw56026043
56,026,044,pw56026044
56,026,045,pw56026045
56,026,047,pw56026047
56,026,048,pw56026048
56,026,052,pw56026052
56,026,053,pw56026053
56,026,055,pw56026055
56,026,056,pw56026056
56,026,058,pw56026058
56,026,062,pw56026062
56,026,063,pw56026063
56,026,064,pw56026064
56,026,068,pw56026068
56,026,071,pw56026071
56,026,072,pw56026072
56,026,074,pw56026074
56,026,075,pw56026075
56,026,076,pw56026076
56,026,081,pw56026081
56,026,083,pw56026083
56,026,086,pw56026086
56,026,091,pw56026091
56,026,093,pw56026093
56,026,097,pw56026097
56,026,098,pw56026098
56,026,099,pw56026099
56,026,100,pw56026100
56,026,101,pw56026101
56,026,103,pw56026103
56,026,104,pw56026104
56,026,107,pw56026107
56,026,110,pw56026110
56,026,116,pw56026116
56,026,118,pw56026118
56,026,119,pw56026119
56,026,121,pw56026121
56,026,124,pw56026124
56,026,126,pw56026126
56,026,127,pw56026127
56,026,130,pw56026130
56,026,131,pw56026131
56,026,150,pw56026150
56,026,156,pw56026156
56,026,159,pw56026159
56,026,168,pw56026168
56,026,172,pw56026172
56,026,173,pw56026173
56,026,175,pw56026175
56,026,180,pw56026180
56,026,181,pw56026181
56,026,182,pw56026182
56,026,185,pw56026185
56,026,186,pw56026186
56,026,191,pw56026191
56,026,194,pw56026194
56,026,198,pw56026198
56,026,204,pw56026204
56,026,205,pw56026205
56,026,206,pw56026206
56,026,207,pw56026207
56,026,208,pw56026208
56,026,213,pw56026213
56,026,219,pw56026219
56,026,221,pw56026221
56,026,228,pw56026228
56,026,232,pw56026232
56,026,311,pw56026311
56,027,509,pw56027509
56,035,523,pw56035523
56,036,992,pw56036992
56,037,688,pw56037688
56,037,783,pw56037783
56,037,833,pw56037833
56,038,389,pw56038389
56,038,462,pw56038462
56,038,513,pw56038513
56,038,619,pw56038619
56,038,621,pw56038621
56,039,769,pw56039769
56,039,775,pw56039775
56,040,893,pw56040893
56,041,175,pw56041175
56,041,583,pw56041583
56,041,594,pw56041594
56,041,597,pw56041597
56,041,860,pw56041860
56,041,861,pw56041861
56,041,864,pw56041864
56,041,867,pw56041867
56,041,868,pw56041868
56,041,871,pw56041871
56,041,873,pw56041873
56,041,877,pw56041877
56,041,879,pw56041879
56,041,880,pw56041880
56,041,881,pw56041881
56,041,885,pw56041885
56,041,887,pw56041887
56,042,105,pw56042105
56,042,106,pw56042106
56,042,108,pw56042108
56,042,114,pw56042114
56,042,115,pw56042115
56,042,118,pw56042118
56,042,119,pw56042119
56,042,120,pw56042120
56,042,433,pw56042433
56,042,436,pw56042436
56,042,438,pw56042438
56,042,439,pw56042439
56,042,443,pw56042443
56,042,444,pw56042444
56,042,446,pw56042446
56,042,447,pw56042447
56,042,448,pw56042448
56,042,449,pw56042449
56,042,450,pw56042450
56,042,451,pw56042451
56,042,555,pw56042555
56,042,565,pw56042565
56,042,799,pw56042799
56,042,800,pw56042800
56,042,804,pw56042804
56,042,808,pw56042808
56,042,810,pw56042810
56,042,845,pw56042845
56,042,848,pw56042848
56,042,849,pw56042849
56,042,850,pw56042850
56,042,853,pw56042853
56,042,898,pw56042898
56,042,916,pw56042916
56,043,014,pw56043014
56,043,281,pw56043281
56,043,284,pw56043284
56,043,286,pw56043286
56,043,287,pw56043287
56,043,288,pw56043288
56,043,291,pw56043291
56,043,292,pw56043292
56,043,294,pw56043294
56,043,295,pw56043295
56,043,536,pw56043536
56,043,538,pw56043538
56,043,539,pw56043539
56,043,543,pw56043543
56,043,545,pw56043545
56,043,550,pw56043550
56,043,553,pw56043553
56,043,554,pw56043554
56,043,555,pw56043555
56,043,556,pw56043556
56,043,559,pw56043559
56,043,776,pw56043776
56,043,777,pw56043777
56,043,778,pw56043778
56,043,782,pw56043782
56,043,784,pw56043784
56,043,785,pw56043785
56,043,788,pw56043788
56,043,790,pw56043790
56,043,876,pw56043876
56,043,877,pw56043877
56,043,878,pw56043878
56,043,879,pw56043879
56,043,888,pw56043888
56,044,229,pw56044229
56,044,320,pw56044320
56,044,321,pw56044321
56,044,322,pw56044322
56,044,324,pw56044324
56,044,325,pw56044325
56,044,326,pw56044326
56,044,329,pw56044329
56,044,332,pw56044332
56,044,334,pw56044334
56,044,338,pw56044338
56,044,339,pw56044339
56,044,340,pw56044340
56,044,342,pw56044342
56,044,344,pw56044344
56,044,345,pw56044345
56,044,349,pw56044349
56,044,354,pw56044354
56,044,365,pw56044365
56,044,461,pw56044461
56,044,497,pw56044497
56,044,498,pw56044498
56,044,505,pw56044505
56,044,508,pw56044508
56,044,937,pw56044937
56,044,938,pw56044938
56,044,941,pw56044941
56,045,284,pw56045284
56,045,342,pw56045342
56,045,343,pw56045343
56,045,481,pw56045481
56,045,483,pw56045483
56,045,485,pw56045485
56,045,487,pw56045487
56,045,493,pw56045493
56,045,494,pw56045494
56,045,657,pw56045657
56,045,661,pw56045661
56,045,665,pw56045665
56,045,666,pw56045666
56,045,671,pw56045671
56,045,672,pw56045672
56,045,674,pw56045674
56,045,675,pw56045675
56,045,678,pw56045678
56,045,679,pw56045679
56,045,685,pw56045685
56,045,687,pw56045687
56,045,747,pw56045747
56,045,769,pw56045769
56,045,815,pw56045815
56,045,971,pw56045971
56,045,998,pw56045998
56,046,319,pw56046319
56,046,324,pw56046324
56,046,325,pw56046325
56,046,327,pw56046327
56,046,328,pw56046328
56,046,336,pw56046336
56,046,343,pw56046343
56,046,670,pw56046670
56,046,674,pw56046674
56,046,693,pw56046693
56,046,695,pw56046695
56,046,697,pw56046697
56,047,517,pw56047517
56,047,522,pw56047522
56,047,524,pw56047524
56,047,525,pw56047525
56,047,993,pw56047993
56,047,995,pw56047995
56,048,016,pw56048016
56,048,017,pw56048017
56,048,024,pw56048024
56,048,041,pw56048041
56,048,315,pw56048315
56,048,316,pw56048316
56,048,318,pw56048318
56,048,320,pw56048320
56,048,322,pw56048322
56,048,324,pw56048324
56,048,327,pw56048327
56,048,328,pw56048328
56,048,331,pw56048331
56,048,335,pw56048335
56,048,337,pw56048337
56,048,341,pw56048341
56,048,342,pw56048342
56,048,343,pw56048343
56,048,344,pw56048344
56,048,347,pw56048347
56,048,350,pw56048350
56,048,351,pw56048351
56,048,353,pw56048353
56,048,358,pw56048358
56,048,476,pw56048476
56,048,480,pw56048480
56,049,001,pw56049001
56,049,002,pw56049002
56,049,007,pw56049007
56,049,009,pw56049009
56,049,010,pw56049010
56,049,011,pw56049011
56,049,026,pw56049026
56,049,028,pw56049028
56,049,031,pw56049031
56,049,034,pw56049034
56,049,037,pw56049037
56,049,683,pw56049683
56,049,684,pw56049684
56,049,688,pw56049688
56,049,689,pw56049689
56,049,690,pw56049690
56,050,022,pw56050022
56,050,024,pw56050024
56,050,249,pw56050249
56,050,257,pw56050257
56,050,259,pw56050259
56,050,261,pw56050261
56,050,262,pw56050262
56,050,264,pw56050264
56,050,309,pw56050309
56,050,310,pw56050310
56,050,320,pw56050320
56,050,324,pw56050324
56,050,326,pw56050326
56,050,342,pw56050342
56,050,623,pw56050623
56,050,624,pw56050624
56,050,626,pw56050626
56,050,628,pw56050628
56,050,630,pw56050630
56,050,631,pw56050631
56,050,633,pw56050633
56,050,634,pw56050634
56,050,644,pw56050644
56,050,652,pw56050652
56,051,155,pw56051155
56,051,173,pw56051173
56,051,184,pw56051184
56,051,200,pw56051200
56,051,234,pw56051234
56,051,392,pw56051392
56,051,410,pw56051410
56,051,422,pw56051422
56,051,423,pw56051423
56,051,424,pw56051424
56,051,425,pw56051425
56,051,426,pw56051426
56,051,427,pw56051427
56,051,429,pw56051429
56,051,433,pw56051433
56,051,437,pw56051437
56,051,438,pw56051438
56,051,442,pw56051442
56,051,448,pw56051448
56,051,458,pw56051458
56,051,465,pw56051465
56,051,469,pw56051469
56,051,470,pw56051470
56,051,476,pw56051476
56,051,489,pw56051489
56,051,490,pw56051490
56,051,497,pw56051497
56,051,499,pw56051499
56,051,509,pw56051509
56,051,510,pw56051510
56,051,532,pw56051532
56,051,533,pw56051533
56,051,539,pw56051539
56,051,542,pw56051542
56,052,380,pw56052380
56,052,384,pw56052384
56,052,385,pw56052385
56,052,386,pw56052386
56,052,395,pw56052395
56,052,400,pw56052400
56,052,401,pw56052401
56,052,434,pw56052434
56,052,435,pw56052435
56,052,438,pw56052438
56,053,613,pw56053613
56,053,614,pw56053614
56,053,617,pw56053617
56,053,627,pw56053627
56,053,631,pw56053631
56,053,637,pw56053637
56,053,889,pw56053889
56,053,893,pw56053893
56,053,897,pw56053897
56,053,898,pw56053898
56,053,901,pw56053901
56,053,902,pw56053902
56,053,908,pw56053908
56,055,595,pw56055595
56,055,603,pw56055603
56,055,667,pw56055667
56,055,697,pw56055697
56,055,698,pw56055698
56,056,504,pw56056504
56,056,506,pw56056506
56,056,507,pw56056507
56,056,511,pw56056511
56,056,513,pw56056513
56,056,515,pw56056515
56,056,522,pw56056522
56,056,523,pw56056523
56,056,527,pw56056527
56,056,530,pw56056530
56,056,709,pw56056709
56,056,711,pw56056711
56,056,712,pw56056712
56,056,715,pw56056715
56,056,717,pw56056717
56,056,719,pw56056719
56,056,726,pw56056726
56,056,735,pw56056735
56,056,737,pw56056737
56,056,738,pw56056738
56,056,740,pw56056740
56,056,745,pw56056745
56,056,748,pw56056748
56,056,749,pw56056749
56,056,750,pw56056750
56,056,752,pw56056752
56,056,754,pw56056754
56,056,757,pw56056757
56,056,758,pw56056758
56,056,852,pw56056852
56,056,918,pw56056918
56,056,920,pw56056920
56,056,922,pw56056922
56,056,923,pw56056923
56,056,925,pw56056925
56,056,926,pw56056926
56,056,928,pw56056928
56,056,931,pw56056931
56,056,933,pw56056933
56,056,934,pw56056934
56,056,951,pw56056951
56,056,952,pw56056952
56,056,963,pw56056963
56,056,964,pw56056964
56,056,965,pw56056965
56,056,979,pw56056979
56,057,089,pw56057089
56,057,094,pw56057094
56,057,095,pw56057095
56,057,097,pw56057097
56,057,104,pw56057104
56,057,106,pw56057106
56,057,107,pw56057107
56,057,171,pw56057171
56,057,177,pw56057177
56,057,182,pw56057182
56,057,183,pw56057183
56,057,326,pw56057326
56,057,327,pw56057327
56,057,331,pw56057331
56,057,335,pw56057335
56,057,336,pw56057336
56,057,339,pw56057339
56,057,342,pw56057342
56,057,343,pw56057343
56,057,344,pw56057344
56,057,346,pw56057346
56,057,353,pw56057353
56,057,354,pw56057354
56,057,357,pw56057357
56,057,358,pw56057358
56,057,360,pw56057360
56,057,362,pw56057362
56,057,363,pw56057363
56,057,366,pw56057366
56,057,372,pw56057372
56,057,374,pw56057374
56,057,376,pw56057376
56,057,680,pw56057680
56,057,724,pw56057724
56,057,726,pw56057726
56,057,728,pw56057728
56,057,729,pw56057729
56,057,734,pw56057734
56,057,735,pw56057735
56,057,737,pw56057737
56,057,739,pw56057739
56,057,740,pw56057740
56,057,741,pw56057741
56,057,742,pw56057742
56,057,743,pw56057743
56,057,745,pw56057745
56,057,746,pw56057746
56,057,749,pw56057749
56,057,778,pw56057778
56,057,779,pw56057779
56,057,780,pw56057780
56,057,781,pw56057781
56,057,782,pw56057782
56,057,783,pw56057783
56,057,785,pw56057785
56,057,788,pw56057788
56,057,789,pw56057789
56,057,791,pw56057791
56,057,800,pw56057800
56,057,801,pw56057801
56,057,802,pw56057802
56,057,803,pw56057803
56,057,805,pw56057805
56,057,925,pw56057925
56,057,970,pw56057970
56,057,973,pw56057973
56,057,975,pw56057975
56,057,976,pw56057976
56,057,979,pw56057979
56,057,983,pw56057983
56,057,986,pw56057986
56,057,987,pw56057987
56,057,991,pw56057991
56,057,995,pw56057995
56,058,021,pw56058021
56,058,023,pw56058023
56,058,025,pw56058025
56,058,031,pw56058031
56,058,034,pw56058034
56,058,035,pw56058035
56,058,039,pw56058039
56,058,043,pw56058043
56,058,045,pw56058045
56,058,374,pw56058374
56,058,380,pw56058380
56,058,381,pw56058381
56,058,384,pw56058384
56,058,385,pw56058385
56,058,395,pw56058395
56,058,401,pw56058401
56,058,405,pw56058405
56,058,406,pw56058406
56,058,408,pw56058408
56,058,412,pw56058412
56,058,413,pw56058413
56,058,415,pw56058415
56,058,419,pw56058419
56,058,423,pw56058423
56,058,426,pw56058426
56,058,427,pw56058427
56,058,428,pw56058428
56,058,436,pw56058436
56,058,444,pw56058444
56,058,445,pw56058445
56,058,450,pw56058450
56,058,452,pw56058452
56,058,453,pw56058453
56,058,468,pw56058468
56,058,470,pw56058470
56,058,471,pw56058471
56,058,472,pw56058472
56,058,473,pw56058473
56,058,483,pw56058483
56,058,484,pw56058484
56,058,487,pw56058487
56,058,488,pw56058488
56,058,492,pw56058492
56,058,510,pw56058510
56,058,511,pw56058511
56,058,515,pw56058515
56,058,520,pw56058520
56,058,531,pw56058531
56,058,534,pw56058534
56,058,539,pw56058539
56,058,540,pw56058540
56,058,541,pw56058541
56,058,544,pw56058544
56,058,548,pw56058548
56,058,560,pw56058560
56,058,562,pw56058562
56,058,565,pw56058565
56,058,567,pw56058567
56,058,568,pw56058568
56,058,569,pw56058569
56,058,578,pw56058578
56,058,579,pw56058579
56,058,581,pw56058581
56,058,583,pw56058583
56,058,588,pw56058588
56,058,589,pw56058589
56,058,592,pw56058592
56,058,593,pw56058593
56,058,594,pw56058594
56,058,595,pw56058595
56,058,603,pw56058603
56,058,604,pw56058604
56,058,606,pw56058606
56,058,613,pw56058613
56,058,621,pw56058621
56,058,622,pw56058622
56,058,625,pw56058625
56,058,650,pw56058650
56,058,653,pw56058653
56,058,654,pw56058654
56,058,655,pw56058655
56,058,659,pw56058659
56,058,663,pw56058663
56,058,665,pw56058665
56,058,666,pw56058666
56,058,667,pw56058667
56,058,668,pw56058668
56,058,674,pw56058674
56,058,675,pw56058675
56,058,677,pw56058677
56,058,683,pw56058683
56,058,685,pw56058685
56,058,686,pw56058686
56,058,691,pw56058691
56,058,692,pw56058692
56,058,693,pw56058693
56,058,696,pw56058696
56,058,697,pw56058697
56,058,699,pw56058699
56,058,703,pw56058703
56,058,704,pw56058704
56,058,706,pw56058706
56,058,707,pw56058707
56,058,711,pw56058711
56,058,715,pw56058715
56,058,716,pw56058716
56,058,718,pw56058718
56,058,721,pw56058721
56,058,723,pw56058723
56,058,725,pw56058725
56,058,728,pw56058728
56,058,730,pw56058730
56,058,737,pw56058737
56,058,744,pw56058744
56,058,747,pw56058747
56,058,749,pw56058749
56,058,754,pw56058754
56,058,755,pw56058755
56,058,757,pw56058757
56,059,658,pw56059658
56,061,649,pw56061649
